1 0.702825 2.71217 2.71612
1 16.9592 2.64886 6.79019
1 0.681418 2.68359 10.8911
1 16.96 2.6822 14.9396
1 0.659922 6.77858 2.72442
1 16.9873 6.7709 6.77907
1 0.676686 6.76797 10.8581
1 16.9295 6.74348 14.9315
1 16.9627 10.8427 2.65772
1 0.71771 10.878 6.75758
1 0.690236 10.8621 10.8204
1 0.648992 10.8012 14.8745
1 0.657668 14.92 2.65842
1 16.9507 14.8969 6.76586
1 0.657261 14.9271 10.8304
1 0.663609 14.9018 14.8394
1 4.73851 2.73441 2.72159
1 4.71394 2.68516 6.78935
1 4.70594 2.69554 10.8948
1 4.72138 2.72485 14.9901
1 4.72712 6.801 2.70335
1 4.71405 6.75803 6.78573
1 4.68325 6.76425 10.8909
1 4.74326 6.80879 14.9346
1 4.69965 10.8793 2.69776
1 4.71896 10.8662 6.77954
1 4.74233 10.8842 10.8515
1 4.7183 10.8095 14.9298
1 4.74122 14.9214 2.67495
1 4.75706 14.9459 6.7488
1 4.73486 14.9442 10.8066
1 4.67797 14.8702 14.9209
1 8.78665 2.69831 2.69027
1 8.81252 2.70817 6.75079
1 8.8014 2.6679 10.8577
1 8.77306 2.67178 14.9454
1 8.79452 6.75018 2.70645
1 8.78689 6.77841 6.79028
1 8.77548 6.76569 10.8713
1 8.85698 6.78454 14.9058
1 8.81633 10.8635 2.67747
1 8.81715 10.8399 6.74888
1 8.83123 10.8315 10.8037
1 8.83139 10.8546 14.8942
1 8.79039 14.9248 2.65337
1 8.82239 14.9325 6.7404
1 8.80141 14.9285 10.8262
1 8.75884 14.9148 14.9044
1 12.8634 2.66736 2.66923
1 12.9218 2.70417 6.75426
1 12.8786 2.67887 10.8524
1 12.8545 2.63601 14.9439
1 12.8755 6.81037 2.70534
1 12.9107 6.7615 6.75358
1 12.8958 6.74229 10.8578
1 12.8671 6.75552 14.9269
1 12.895 10.8451 2.67453
1 12.8928 10.8427 6.78117
1 12.8805 10.8316 10.7983
1 12.9016 10.8576 14.8822
1 12.9044 14.9301 2.6438
1 12.8428 14.8968 6.74687
1 12.857 14.9227 10.8282
1 12.8727 14.9185 14.8891
1 2.70201 0.68147 2.69057
1 2.65009 16.9277 6.786
1 2.67221 0.660114 10.8531
1 2.68627 0.630635 14.9036
1 2.67166 4.74204 2.72338
1 2.66222 4.67649 6.78322
1 2.66685 4.69672 10.8844
1 2.67018 4.73917 14.9825
1 2.67192 8.81378 2.72846
1 2.69026 8.8189 6.77651
1 2.68327 8.81863 10.8767
1 2.65236 8.7629 14.9522
1 2.66332 12.8711 2.63253
1 2.72274 12.9146 6.75865
1 2.68147 12.8887 10.824
1 2.66269 12.7927 14.9204
1 6.7541 0.672691 2.67377
1 6.7948 0.67299 6.74672
1 6.77937 0.647714 10.8317
1 6.71734 0.654872 14.9197
1 6.7933 4.7442 2.71996
1 6.74228 4.69816 6.8113
1 6.74782 4.7155 10.8885
1 6.7549 4.7621 14.9608
1 6.74471 8.83472 2.70502
1 6.75925 8.82933 6.76386
1 6.75463 8.79882 10.8601
1 6.7952 8.81069 14.9385
1 6.75828 12.8963 2.6766
1 6.74891 12.8905 6.72566
1 6.79518 12.9018 10.836
1 6.76065 12.8638 14.9133
1 10.7968 0.657893 2.64988
1 10.8451 0.688744 6.74345
1 10.8147 0.667603 10.854
1 10.791 16.9122 14.9204
1 10.8447 4.72274 2.69099
1 10.8591 4.71862 6.77257
1 10.8589 4.69463 10.8812
1 10.8172 4.68343 14.9352
1 10.8546 8.83376 2.69718
1 10.8391 8.81623 6.77807
1 10.8274 8.80369 10.8143
1 10.8446 8.84596 14.9022
1 10.8413 12.8849 2.66484
1 10.8293 12.881 6.74008
1 10.8417 12.8742 10.8034
1 10.836 12.9014 14.8964
1 14.9349 16.9162 2.65223
1 14.8922 16.9183 6.74723
1 14.9365 0.663108 10.845
1 14.9442 16.9448 14.9099
1 14.9222 4.7222 2.70981
1 14.9453 4.68856 6.79704
1 14.9186 4.71058 10.8655
1 14.8866 4.7054 14.929
1 14.909 8.82079 2.68762
1 14.9485 8.82943 6.78826
1 14.9434 8.77901 10.8465
1 14.8912 8.77358 14.9276
1 14.9492 12.8701 2.63915
1 14.9139 12.8797 6.77392
1 14.8942 12.8752 10.8322
1 14.9205 12.8701 14.8425
1 2.6921 2.68872 0.705245
1 2.70144 2.65709 4.74252
1 2.67252 2.68185 8.83519
1 2.68649 2.68975 12.9227
1 2.70257 6.75635 0.682032
1 2.67061 6.75702 4.72121
1 2.69995 6.75277 8.81967
1 2.65999 6.76075 12.9236
1 2.65658 10.7891 0.664352
1 2.67453 10.8783 4.68681
1 2.70335 10.8551 8.8481
1 2.69293 10.8234 12.8722
1 2.68811 14.9191 16.9206
1 2.67737 14.9343 4.73509
1 2.70212 14.9323 8.79845
1 2.68001 14.9133 12.8513
1 6.7629 2.68775 16.9702
1 6.74894 2.70697 4.73535
1 6.73799 2.71803 8.82989
1 6.7496 2.69127 12.9076
1 6.80392 6.81138 0.666618
1 6.74022 6.77678 4.72251
1 6.71983 6.75634 8.83583
1 6.75781 6.77513 12.9266
1 6.76401 10.874 0.658613
1 6.76474 10.8715 4.70225
1 6.76565 10.8596 8.78892
1 6.7912 10.8273 12.8702
1 6.75569 14.9232 16.9398
1 6.77588 14.9534 4.69456
1 6.77657 14.9381 8.76771
1 6.75261 14.9062 12.8564
1 10.7899 2.65001 0.671968
1 10.828 2.71632 4.71153
1 10.8554 2.7075 8.84211
1 10.8119 2.64295 12.8953
1 10.8442 6.79099 16.9434
1 10.8799 6.79772 4.73102
1 10.8234 6.75565 8.85326
1 10.8445 6.75209 12.8643
1 10.8311 10.8566 16.9232
1 10.8418 10.8546 4.70358
1 10.8218 10.8171 8.79732
1 10.8086 10.8438 12.8543
1 10.813 14.9221 16.9347
1 10.8433 14.9351 4.67945
1 10.8097 14.9278 8.81245
1 10.7959 14.9291 12.8577
1 14.9218 2.6612 16.9686
1 14.9383 2.66594 4.72763
1 14.9432 2.66056 8.82377
1 14.9338 2.67069 12.8961
1 14.8925 6.76302 0.679336
1 14.9531 6.77387 4.71921
1 14.9666 6.775 8.83297
1 14.9263 6.73541 12.8731
1 14.9786 10.8098 16.9057
1 14.9445 10.909 4.70619
1 14.9477 10.8253 8.81287
1 14.9379 10.8069 12.8413
1 14.9731 14.8959 16.8864
1 14.9196 14.9043 4.67829
1 14.9229 14.9106 8.81881
1 14.9375 14.9178 12.8268
1 0.701442 16.9719 16.9428
1 0.657132 16.9469 4.71543
1 0.664462 16.947 8.80017
1 0.663591 0.660339 12.8798
1 16.9442 4.70139 0.709586
1 0.678589 4.70012 4.76162
1 0.682943 4.72136 8.80109
1 16.9279 4.7149 12.9045
1 16.9484 8.76512 0.680204
1 16.9564 8.84301 4.72556
1 0.697452 8.83108 8.81157
1 0.665629 8.78392 12.8927
1 0.641519 12.8685 16.8942
1 0.674586 12.897 4.69066
1 0.667908 12.8922 8.79565
1 0.644688 12.8452 12.8442
1 4.71225 0.682306 16.9697
1 4.71972 0.67306 4.73834
1 4.72857 0.656581 8.80661
1 4.72009 16.957 12.8542
1 4.74029 4.74918 0.694246
1 4.68908 4.73069 4.72899
1 4.69207 4.73362 8.84361
1 4.72052 4.75455 12.9285
1 4.72397 8.82345 0.690537
1 4.69258 8.82282 4.75103
1 4.73851 8.81702 8.83798
1 4.74161 8.79485 12.8855
1 4.7018 12.8539 16.9353
1 4.74985 12.9209 4.69275
1 4.76418 12.8997 8.79728
1 4.71111 12.8431 12.8714
1 8.76897 16.9594 16.9516
1 8.79994 0.680492 4.68783
1 8.82843 0.687987 8.80077
1 8.76936 0.672622 12.8869
1 8.82561 4.70256 0.679214
1 8.82247 4.72531 4.74598
1 8.80302 4.71597 8.83502
1 8.80542 4.73519 12.8615
1 8.84366 8.83919 0.668711
1 8.81757 8.81311 4.72205
1 8.78751 8.77768 8.79078
1 8.82507 8.80351 12.8897
1 8.81971 12.8767 16.9453
1 8.81517 12.884 4.70781
1 8.8068 12.8608 8.78623
1 8.81281 12.8586 12.8353
1 12.8911 16.9434 16.9372
1 12.8841 0.673243 4.7125
1 12.8629 0.673552 8.79793
1 12.8799 0.64082 12.8573
1 12.8623 4.71383 0.649285
1 12.8854 4.70856 4.73514
1 12.9114 4.74127 8.83172
1 12.8911 4.70591 12.888
1 12.8792 8.81633 0.678066
1 12.9143 8.8486 4.72943
1 12.9128 8.7759 8.82675
1 12.8714 8.77401 12.8342
1 12.9138 12.8662 16.912
1 12.9054 12.8995 4.72528
1 12.8713 12.8471 8.79382
1 12.8743 12.859 12.8524