1 16.8814 2.69005 2.85356
1 17.0163 2.6651 6.68456
1 17.1213 2.44582 11.31
1 16.8815 2.38433 15.3185
1 16.6245 6.63507 2.51972
1 0.56762 6.67879 7.00867
1 0.987646 6.52054 10.6736
1 0.677509 6.6347 15.1942
1 0.586298 10.8467 2.52782
1 16.5794 11.136 7.00026
1 1.48069 10.9544 10.6855
1 0.672773 11.5147 14.9531
1 16.6123 14.6865 3.00378
1 1.11626 14.8997 6.66779
1 1.04706 14.7984 10.8164
1 16.7457 14.5645 14.9538
1 4.67886 2.48272 3.07918
1 4.46794 2.47256 7.0055
1 4.95428 2.46232 10.6539
1 4.61009 2.85536 14.8494
1 4.93286 6.62068 2.95136
1 4.91359 6.72763 6.62363
1 4.45077 6.38025 10.9317
1 4.70989 6.55403 14.9282
1 4.90282 10.8726 2.84078
1 4.6129 11.2772 6.64463
1 4.38352 11.415 11.1233
1 4.77303 11.2235 14.8254
1 5.07945 14.9096 2.69774
1 4.92142 14.5967 6.49798
1 4.91018 15.1384 10.8537
1 4.94391 15.2618 14.9046
1 9.36401 2.75226 2.70968
1 8.8353 3.24677 7.0631
1 8.82073 2.50427 10.4358
1 8.60458 2.7115 14.7757
1 8.7733 6.94944 2.97965
1 8.64304 6.70338 6.82355
1 8.47827 6.66282 10.9229
1 8.66043 6.36441 14.87
1 9.00339 10.2395 2.7762
1 8.94737 10.8187 6.80112
1 8.74065 10.8248 10.9176
1 8.68564 10.7174 14.693
1 8.79157 15.0826 2.97534
1 8.71913 14.8891 6.71777
1 9.35381 14.7928 10.4687
1 8.64013 15.7517 14.8371
1 12.6476 2.56772 2.68866
1 13.1428 2.72257 6.63238
1 13.3324 2.35786 10.9191
1 12.8669 2.75049 15.2141
1 12.7844 6.68825 2.51785
1 12.8644 6.77449 7.20467
1 13.1365 6.76867 10.5625
1 12.7995 6.90728 14.6232
1 12.6404 10.5582 2.72145
1 12.7642 10.616 7.43596
1 13.0921 11.031 10.7545
1 13.0766 10.5636 14.4162
1 12.8468 14.9304 2.6243
1 12.9875 14.987 6.84642
1 12.4981 14.6028 10.75
1 12.8735 15.1033 15.0177
1 2.47767 0.840572 2.46032
1 2.89612 0.256268 6.79043
1 2.61027 0.500691 10.8928
1 2.33326 16.6497 15.3896
1 2.8111 4.97503 2.89956
1 2.71897 4.93227 6.47154
1 2.63766 4.22998 10.7059
1 2.6147 4.92829 15.092
1 2.71389 8.97797 2.37203
1 2.9419 9.2565 6.66283
1 3.1043 8.79732 10.7833
1 2.62052 8.74414 15.2529
1 2.57216 12.4633 2.4843
1 2.60516 12.741 6.24654
1 2.91655 13.387 10.8262
1 3.03698 13.2281 15.2427
1 6.77193 1.0775 2.54342
1 6.33651 16.9171 6.85316
1 6.82182 0.499445 10.8274
1 6.59673 0.973551 14.9101
1 6.36418 4.6895 2.63669
1 6.65966 4.65876 6.91235
1 6.64351 4.56717 11.0231
1 6.47191 4.56728 14.78
1 6.89021 8.91445 2.63333
1 6.32827 9.00817 6.45778
1 6.65933 9.0326 10.9445
1 7.04386 8.63341 14.959
1 6.85549 12.9881 2.65023
1 6.66973 12.7686 6.44984
1 6.75063 13.3464 10.8122
1 6.96575 13.2093 14.7426
1 10.9506 0.654247 2.81251
1 10.7828 0.872849 6.63912
1 10.8616 0.688606 10.6137
1 10.7469 17.1762 14.9894
1 10.408 5.14241 2.38789
1 10.7126 5.05608 6.81484
1 10.9948 4.8998 11.0746
1 10.8853 4.92874 14.3549
1 11.0614 8.42316 2.66245
1 11.1019 8.70207 7.35554
1 10.2457 8.75619 10.5221
1 10.3084 8.70599 14.7194
1 10.6544 12.4172 2.72756
1 11.0543 13.0219 6.5461
1 10.6967 12.9101 10.6764
1 11.386 12.7423 15.0404
1 15.0419 16.9213 2.71951
1 14.8139 0.7741 6.82498
1 15.4988 16.3797 10.7871
1 14.7587 16.8831 15.3239
1 14.7969 4.72472 2.64779
1 14.8799 4.71914 6.89496
1 15.1266 4.52448 10.9294
1 14.8732 5.2292 14.7763
1 14.4965 8.75612 2.57272
1 14.7407 8.92428 7.03542
1 15.6579 8.85453 10.6498
1 15.2166 8.65121 15.2134
1 14.9659 12.7423 2.82544
1 14.6298 12.514 6.59191
1 15.0572 12.7518 11.1409
1 14.6109 12.953 15.0878
1 2.61633 2.89435 16.8506
1 2.63502 2.32993 4.67407
1 2.75665 2.46498 8.60546
1 2.32703 2.63644 13.6052
1 2.7082 6.83647 1.02527
1 2.40887 6.78001 4.62942
1 3.05548 6.96775 8.20023
1 2.58389 6.61657 12.8753
1 2.82814 10.9383 0.640645
1 2.806 10.6567 4.4862
1 2.26565 11.0029 8.43863
1 2.81688 10.6722 13.2403
1 2.3989 14.4968 1.11733
1 2.4487 14.8681 4.10156
1 3.11987 14.7042 8.72113
1 2.5978 15.1833 13.1952
1 6.52026 2.59501 0.583637
1 7.17985 2.62361 4.92699
1 6.59793 2.99584 8.79194
1 6.58707 2.81525 12.8837
1 6.5119 6.55772 0.224702
1 6.80092 6.82906 4.81433
1 6.44899 7.01804 8.63108
1 6.63401 7.10247 12.9966
1 7.01601 10.7949 0.148348
1 7.24057 10.6877 4.60844
1 6.99088 11.1535 8.55682
1 6.53484 10.66 13.1013
1 6.87112 15.2866 0.456319
1 6.85474 15.3022 4.5277
1 6.64166 15.0136 8.79058
1 6.95924 15.1052 12.8764
1 10.6976 2.75754 16.7597
1 10.8343 2.74846 5.00464
1 10.8164 2.87704 8.72649
1 11.5667 2.7287 12.9689
1 10.9423 6.6834 16.6571
1 10.4436 6.47344 5.05665
1 10.8813 6.61636 8.92178
1 11.0907 7.07901 12.6348
1 10.8816 10.9664 16.6419
1 11.0239 11.0572 5.01689
1 10.7682 10.8673 9.01024
1 10.8984 10.6153 12.5966
1 10.7276 15.2856 0.622688
1 11.0414 15.1489 4.81645
1 11.199 14.5847 8.60637
1 10.8447 14.567 12.9896
1 15.0157 2.6495 0.843467
1 14.9275 3.07614 4.86018
1 15.0693 2.59349 9.01299
1 14.7064 2.98886 13.1013
1 14.8598 6.49888 0.435214
1 14.7414 6.74044 4.91752
1 15.0288 6.65101 8.72346
1 15.4772 7.08022 12.9138
1 14.5039 11.0536 16.9681
1 14.593 10.2439 4.54021
1 15.3499 10.7941 9.04063
1 15.27 10.8912 13.0361
1 14.5974 14.8167 0.599549
1 14.8931 15.1087 5.15812
1 14.8909 14.9718 8.6357
1 14.85 15.0041 13.1403
1 16.7885 16.7031 0.819318
1 16.6446 16.9669 4.81075
1 1.03077 16.5979 8.68814
1 16.6802 16.7174 13.1748
1 0.59917 4.60817 17.3701
1 16.6792 4.89945 4.62313
1 17.0842 4.60393 8.71222
1 0.638301 4.78721 12.9112
1 16.916 9.1826 16.874
1 17.1311 8.76797 5.5467
1 1.03139 8.45683 8.80258
1 1.35771 9.04867 12.909
1 16.522 13.2416 0.864965
1 16.6165 12.162 4.81487
1 16.7993 13.1774 8.58997
1 1.00006 12.6152 12.8657
1 4.44402 1.05239 16.7986
1 4.48658 16.9469 4.6729
1 4.35891 17.0299 8.95753
1 4.47487 17.1709 13.0705
1 4.41763 4.69181 17.0758
1 4.72623 4.63861 4.67834
1 4.25683 4.74819 8.90781
1 4.27186 4.41323 12.7393
1 4.97934 8.63836 16.9803
1 4.88421 8.53635 4.39698
1 4.69999 9.01495 8.51883
1 4.57563 8.68826 13.0236
1 5.09113 13.043 0.452386
1 4.90516 12.7325 4.50971
1 5.044 12.6374 8.9643
1 4.81088 13.0326 12.9533
1 8.73819 0.818732 1.11005
1 8.79987 16.9772 4.54997
1 8.67799 17.2048 8.15046
1 8.87208 0.971988 12.8355
1 8.43944 4.31486 0.665922
1 8.62354 4.78596 4.39168
1 8.70805 4.74539 9.07483
1 8.75249 4.27499 12.8463
1 9.11266 8.91485 17.1262
1 9.19214 8.58071 4.91323
1 8.65773 8.70811 8.44485
1 8.68346 8.77518 12.8073
1 8.86129 12.9553 16.3423
1 8.83502 12.852 4.34016
1 8.96335 13.0339 8.54925
1 8.65935 12.6491 12.74
1 12.8208 0.522688 17.0915
1 13.0702 0.419989 4.5219
1 12.9231 0.448461 8.76121
1 12.5331 16.9454 12.9791
1 12.6093 4.72641 16.7691
1 12.666 4.90846 4.91027
1 13.2092 4.67574 8.94651
1 13.1154 5.51683 12.6066
1 12.7106 8.64363 16.868
1 12.3934 8.32977 4.98325
1 12.7357 8.98913 9.26668
1 13.2911 8.55523 12.7026
1 12.8847 13.0869 0.905606
1 12.8782 13.063 4.25705
1 13.2117 12.7932 8.78721
1 12.9283 12.8693 12.978